0x11 57.932,57.5438,57.8422,57.6314,57.4411,57.8013,57.8216,57.7517,57.726,57.6948,57.8659,57.8815,57.494,57.7027,57.8649,58.0304
0x21 57.9991,57.9889,57.9339,57.9691,58.2803,58.2358,58.5033,58.3371,57.8246,58.2242,58.2826,58.1996,58.4964,58.0668,58.2417,58.3823
0x31 57.897,57.8614,57.9402,57.8484,57.9411,57.805,57.8633,57.8993,57.8884,57.9808,57.743,57.961,57.9501,57.9573,58.0035,58.1093
0x41 57.316,57.1331,57.2053,57.1711,57.129,57.0887,57.2316,57.2328,57.2413,57.1754,57.1137,57.3273,57.04,57.2979,57.2064,57.3605
0x51 57.0916,57.2674,57.3235,57.2606,57.4333,57.0292,57.4603,57.5391,57.3805,57.1152,57.4375,57.3203,57.5335,57.4622,57.5851,57.0315
0x61 57.4776,57.2328,57.2729,57.3488,57.0026,57.5766,57.5086,57.1926,57.358,57.4043,57.5185,57.395,57.3497,57.0286,57.4056,57.5542
0x71 57.9113,57.6843,57.7996,57.7905,57.8562,57.7832,57.7504,57.3727,57.3102,57.3918,57.3853,57.4582,57.4969,57.4461,57.4784,57.4948
0x81 57.8781,58.0957,57.7712,57.861,58.1793,58.0827,58.1422,58.2902,57.8588,57.8609,57.7905,58.2232,58.0745,58.3228,58.1244,57.8386
0x12 57.8305,57.8513,57.9162,57.9352,57.8971,57.9209,57.9265,57.9709,57.8823,57.8704,57.9083,58.0171,58.0633,57.9442,58.0071,58.0153
0x22 57.0332,57.0113,57.0215,57.0191,56.994,57.0078,57.0571,57.0362,56.8812,57.0692,56.953,57.0742,56.9692,57.0792,57.0218,57.2277
0x32 58.4788,58.5422,58.4996,58.6142,58.5669,58.5991,58.6389,58.8028,58.9183,58.8559,58.8328,58.8652,58.8612,58.9745,59.0757,59.0045
0x42 57.6162,57.1773,57.6542,57.215,57.6263,57.5338,57.6195,57.545,57.6647,57.6123,57.5655,57.4899,57.6055,57.5807,57.7313,57.5205
0x52 57.8081,57.5562,57.621,58.0536,58.0801,58.0406,58.099,58.068,57.6635,57.9845,58.0919,57.7552,57.7562,58.1965,58.2243,58.1702
0x62 57.7952,57.9804,57.6319,57.9583,57.9421,57.9211,57.9015,57.8663,57.8866,57.7687,57.97,57.9196,58.2558,57.9661,57.9714,57.9885
0x72 57.6461,57.6962,57.3825,57.2751,57.3496,57.4231,57.3261,57.4622,57.343,57.4207,57.4142,57.6501,57.5887,57.3572,57.4184,57.4222
0x82 57.4348,57.1393,57.1989,57.2826,57.1602,57.1917,57.2881,57.2767,57.2909,57.3013,57.3183,57.3773,57.0916,57.3438,57.2641,57.2342
0x13 58.1352,58.1966,58.1443,58.0866,57.9051,58.1743,57.9645,57.915,58.1423,58.1887,58.2062,58.2091,58.1837,58.0495,58.0109,58.301
0x23 57.8893,57.9029,57.8601,57.8776,57.5532,57.5628,57.6324,58.0046,57.8811,57.9674,57.9145,57.8782,57.9498,57.9446,58.0105,57.9427
0x33 57.7356,57.3602,57.7174,57.7014,57.789,57.7501,57.6433,57.5531,57.6566,57.6313,57.7669,57.9168,57.7798,57.4941,57.4844,57.6317
0x43 57.6361,57.6683,57.5147,57.591,57.5254,57.652,57.1776,57.2418,57.2887,57.4779,57.6534,57.7197,57.659,57.7231,57.7583,57.8589
0x53 57.7774,58.0057,57.8892,57.7589,57.7538,57.8241,57.8298,58.0871,57.8189,57.8351,57.812,57.8018,57.743,57.7374,57.8737,57.6886
0x63 58.2464,57.9287,58.1514,57.9399,58.0773,57.9638,57.9701,57.9297,57.953,58.0824,57.8729,58.1766,58.3795,58.3113,58.0604,58.2842
0x73 57.4296,57.4566,57.4336,57.5055,57.4199,57.4513,57.4199,57.4296,57.5122,57.5715,57.5519,57.5719,57.548,57.6453,57.4557,57.5782
0x83 58.206,58.1297,58.3365,58.311,58.2899,58.1987,58.2478,58.1473,58.2482,58.2502,58.3062,58.3114,58.3011,58.0658,58.1291,58.1454
0x14 57.7393,57.7692,57.6419,57.2821,57.2413,57.1695,57.2337,57.6299,57.581,57.5517,57.6199,57.6134,57.6891,57.5524,57.7194,57.6623
0x24 57.6748,57.709,57.6578,57.8299,57.4674,57.5415,57.558,57.6591,57.5549,57.5616,57.7295,57.697,57.7249,57.5381,57.6006,57.7153
0x34 57.5976,57.6575,57.8259,57.5701,57.6479,57.5575,57.6766,57.4798,57.5206,57.5212,57.7119,57.6815,57.734,57.6434,57.8666,57.334
0x44 57.9896,57.9966,57.9237,57.6447,57.9004,57.9148,58.1465,57.8661,57.7771,58.0786,58.0385,58.0078,57.9987,58.1884,58.2234,57.9795
0x54 57.8264,57.9745,57.96,58.0194,57.8458,57.795,57.7733,57.8504,57.9328,57.9587,58.0315,58.1276,58.0207,58.1407,57.9897,58.1207
0x64 58.0917,58.0304,58.0043,58.1711,58.232,58.0703,58.0288,58.043,58.0371,58.0196,57.957,57.9345,58.1741,58.1548,58.3314,58.2202
0x74 58.0685,58.1025,58.1421,58.2649,58.2551,58.1534,58.2333,58.2369,58.1664,58.3345,58.2592,58.2714,58.3258,58.3523,58.3834,58.4282
0x84 57.9227,57.8422,58.0626,58.1437,58.0227,58.0248,57.8127,58.106,57.8523,58.1049,57.9813,57.8518,58.1308,57.9051,58.1611,58.2437
0x15 57.8558,58.1226,58.2918,58.0061,58.2457,58.1912,58.2009,57.9582,58.0689,58.0038,58.1986,57.895,58.2479,57.9691,57.9907,58.297
0x25 58.1043,57.9428,58.1516,58.0413,57.9173,58.0725,57.9857,57.9175,57.9878,57.9603,58.0663,58.0063,58.0223,57.9882,58.1658,58.132
0x35 58.5068,58.9069,58.9366,58.6087,58.9588,58.9612,58.8714,58.788,58.563,58.8752,58.9333,58.6009,58.641,58.706,58.9533,58.9752
0x45 58.2662,58.1943,58.275,58.2545,58.4319,58.43,58.3926,58.2682,58.3221,58.2026,58.2923,58.2688,58.327,58.3109,58.5115,58.4678
0x55 58.2957,58.5813,58.3557,58.2931,58.3676,58.2801,58.5638,58.3986,58.6984,58.2746,58.6793,58.8172,58.3781,58.3596,58.8171,58.8244
0x65 57.5087,57.8186,57.7269,57.823,57.9001,57.8014,57.9191,57.8885,57.8026,57.8335,57.8904,57.7816,58.0202,58.0158,58.1682,58.0165
0x75 57.8504,57.8777,57.7897,57.9487,57.7869,57.907,57.9017,57.8908,57.9596,57.6103,57.8611,57.5767,57.8503,58.0189,58.0567,57.9905
0x85 58.4185,58.2477,58.2425,58.1403,57.9694,58.1307,58.3164,58.2148,58.1823,58.2097,58.2044,58.1396,58.3114,58.2985,58.4291,58.1955
0x16 57.3155,57.289,57.3902,57.2571,57.2395,57.2517,57.3209,57.3512,57.1118,57.127,57.2193,57.2416,57.2214,57.3488,57.3261,57.422
0x26 57.9311,58.1201,57.8419,57.8695,58.1824,57.9328,57.9295,57.955,57.9829,57.7429,57.8171,58.2093,58.0919,57.9248,58.0723,57.9429
0x36 58.4112,58.4386,58.4228,58.3597,58.1216,58.39,58.4943,58.0751,57.996,58.0078,58.3682,58.1059,58.0758,58.1413,58.4233,58.5224
0x46 58.0485,58.0588,58.1433,58.0353,58.1302,58.0662,58.0456,58.0618,57.6576,57.7777,58.0747,58.0323,58.1515,58.2982,58.1696,58.1919
0x56 58.2232,57.9903,58.2725,58.3012,58.3155,58.3713,58.6328,58.5471,58.2162,58.3317,58.4035,58.2046,58.4672,58.1572,58.5072,58.3647
0x66 57.7857,57.7256,57.7395,57.3217,57.6335,57.5371,57.5571,57.6207,57.8398,57.593,57.7506,57.4514,57.4415,57.3152,57.8632,57.7504
0x76 58.607,58.2878,58.6219,58.4796,58.5587,58.6775,58.5965,58.5284,58.5555,58.4702,58.5075,58.5099,58.4755,58.5368,58.5817,58.5111
0x86 58.2276,58.5243,58.3887,58.638,58.5542,58.6013,58.2203,58.2388,58.3948,58.4699,58.6094,58.4977,58.1817,58.5192,58.6673,58.5765
0x17 58.0928,58.1951,58.2154,58.207,58.0758,58.2977,58.0399,57.9681,58.0738,58.0475,58.0587,57.9178,58.0981,58.145,58.1177,58.1881
0x27 57.437,57.3957,57.3779,57.4652,57.3692,57.5346,57.3227,57.4688,57.409,57.284,57.3923,57.1652,57.4367,57.3341,57.3668,57.3507
0x37 57.9807,57.9162,57.9764,57.9334,57.8858,57.8794,58.0346,57.998,57.964,57.8907,57.964,57.985,57.9367,58.0203,57.9098,57.9937
0x47 57.7406,57.6101,57.7938,57.6186,57.4555,57.5366,57.6364,57.7527,57.6746,57.7688,57.726,57.7445,57.6422,57.7437,57.7635,57.8912
0x57 57.3047,57.4247,57.5693,57.4911,57.389,57.4463,57.5093,57.4865,57.3396,57.4903,57.4353,57.4381,57.35,57.6104,57.4865,57.5658
0x67 57.185,57.183,57.258,57.1325,57.1763,57.2073,57.253,57.2942,57.1252,57.2861,57.1802,57.2182,57.3297,57.3164,57.3692,57.3283
0x77 58.8156,58.7897,58.7406,58.6556,58.7231,58.7846,58.8058,58.7951,58.8201,58.6064,58.7102,58.6076,58.8764,58.9297,59.0173,59.0728
0x87 57.2596,56.7638,57.2726,56.8598,57.3137,57.3086,57.3845,57.3951,56.7305,56.857,56.8755,56.7422,57.2324,57.1156,56.8894,56.8912
0x18 57.927,57.882,57.9745,57.9418,57.8724,57.8522,57.6061,57.5688,57.5433,57.4843,57.5129,57.8098,57.8596,57.8726,58.1217,58.0208
0x28 56.8742,56.9215,56.8681,56.8828,56.9155,56.8263,56.9051,56.846,56.8703,56.9484,56.9829,56.9824,56.9352,57.1308,57.0838,57.067
0x38 57.2854,57.3626,57.8372,57.3923,57.4071,57.4527,57.7613,57.8756,57.2394,57.3904,57.4613,57.6627,57.4175,57.6872,57.47,57.4968
0x48 57.7341,57.6977,57.5863,57.1864,57.6572,57.5319,57.5027,57.6247,57.3691,57.4691,57.457,57.562,57.8705,57.8117,57.2623,57.6772
0x58 58.6829,58.6664,58.7154,58.6686,58.7978,58.8813,58.9292,58.8814,58.8909,58.7304,58.8636,58.9501,58.9696,58.9415,59.0106,58.9205
0x68 57.3833,57.2836,57.3049,57.369,57.3399,57.4958,57.4445,57.493,57.2939,57.5136,57.2831,57.5244,57.5309,57.5506,57.5842,57.6228
0x78 57.0083,57.3423,57.2468,57.3762,57.3099,57.2102,57.2723,57.263,57.2853,57.3182,57.3303,57.4588,57.364,57.269,57.3545,57.3874
0x88 57.8255,57.7022,57.7281,57.7312,57.7421,57.788,57.6187,57.8081,57.6519,57.6573,57.701,57.7973,57.7434,57.7965,57.7187,57.8998
