0x11 57.5719,57.65,57.5714,57.7866,57.718,57.803,57.8636,57.9071,57.6081,57.652,57.7307,57.8322,57.8011,57.906,58.0309,58.0408
0x21 58.0966,58.2385,58.4528,58.1475,58.3658,58.1598,58.3564,58.4981,58.278,58.3777,58.4383,58.4155,58.3555,58.4934,58.3443,58.4656
0x31 57.7323,57.7618,57.6232,57.8184,57.7461,57.8146,57.7299,57.4987,57.53,57.6262,57.5757,57.5597,57.7285,57.7946,57.7624,57.9088
0x41 57.8717,57.9235,58.0263,58.0521,58.157,58.1306,58.21,58.1665,58.2313,58.1603,58.0925,57.9612,58.2641,57.883,58.0368,58.2877
0x51 57.7361,57.7441,57.9969,58.1319,58.0491,58.1627,57.9679,58.3359,57.7395,57.8669,57.9395,58.0441,58.2487,57.9478,58.0751,58.1087
0x61 58.1102,58.0751,57.9583,58.1007,58.1161,58.133,58.1799,58.1772,58.0438,57.8569,58.3682,58.3336,58.2161,58.0743,58.2298,58.3716
0x71 57.5318,57.4169,57.5709,57.4335,57.5372,57.4878,57.5037,57.6948,57.4049,57.5142,57.7363,57.7261,57.7566,57.6429,57.8325,57.8493
0x81 57.7676,58.0266,57.912,57.9908,57.8764,58.1203,57.6863,57.8132,58.0362,58.0786,58.1368,57.805,58.1043,58.0936,58.239,58.1982
0x12 57.5559,57.4561,57.7597,57.6177,57.6878,57.8154,57.9596,57.7726,57.4982,57.7029,57.7926,57.6029,57.8787,57.8148,58.1549,58.1311
0x22 57.2995,57.2282,57.2859,57.2724,57.3094,57.4409,57.5612,57.5338,57.3371,57.3935,57.3629,57.4915,57.4929,57.532,57.5789,57.6181
0x32 57.6076,57.3768,57.4022,57.5363,57.4872,57.5792,57.7199,57.6867,57.4409,57.6622,57.617,57.4607,57.5857,57.7408,57.8354,57.8633
0x42 58.1304,57.9093,58.1577,58.0975,58.1564,58.102,58.1083,58.209,58.1408,58.2016,58.1052,58.072,58.2468,58.2755,58.4308,58.4324
0x52 58.0107,57.7925,57.6873,57.8295,57.9517,58.1788,58.0992,58.1737,57.9843,58.0089,58.1152,58.1436,58.0304,58.3681,58.5639,58.4396
0x62 57.8943,57.7525,57.7608,57.9702,57.8333,57.6714,57.8208,57.884,57.7822,57.8191,57.8296,57.9137,57.9057,57.8743,58.1511,57.9476
0x72 58.557,58.6674,58.6513,58.6359,58.5786,58.5783,58.6552,58.6982,58.5761,58.6582,58.6628,58.5816,58.7123,58.8479,58.8728,58.8149
0x82 57.9343,57.5693,57.7738,57.6512,57.7697,57.7508,57.551,57.6138,57.8371,58.0601,57.7848,58.1309,57.8669,57.6505,57.7812,57.8722
0x13 58.2426,57.986,57.935,58.0508,58.0442,58.0102,58.004,58.073,58.0209,57.9848,57.8518,58.0876,58.2112,58.2154,58.214,58.2475
0x23 57.8366,57.7989,57.7675,57.8376,57.7023,57.8308,57.8644,58.0412,57.8005,57.7675,57.9812,57.7556,57.9374,58.0247,58.1111,58.006
0x33 57.9313,57.9317,57.9725,58.0096,58.0203,57.8665,57.9212,57.8592,57.8125,57.8904,58.012,57.936,58.1171,57.9069,57.9842,58.1011
0x43 57.6245,57.8385,57.924,58.0147,57.8298,57.9993,58.2342,58.0595,58.046,58.0343,57.9599,57.9799,57.9138,58.5684,57.9335,58.122
0x53 58.461,58.2339,58.3853,58.3695,58.4162,58.3833,58.6341,58.4381,58.5866,58.6392,58.6533,58.6085,58.3553,58.6211,58.6498,58.4852
0x63 57.7421,58.1052,58.1625,58.0695,58.2062,58.1735,57.8067,58.0747,58.0358,57.9556,57.8607,58.1864,57.9835,58.2664,57.9692,58.0596
0x73 57.7846,57.7119,57.8426,57.7431,57.8199,57.7909,57.843,57.8567,57.7123,57.8754,57.8227,58.0698,57.6376,58.0068,58.0771,57.9889
0x83 58.7382,58.7046,58.8552,59.0018,59.0759,58.9206,59.065,59.0898,58.8636,58.7969,58.8824,58.99,59.0326,59.007,59.1813,59.1721
0x14 57.8565,58.1182,58.2043,58.302,57.8873,57.9174,57.9864,57.984,57.9045,58.0922,57.9683,57.8706,57.9003,57.9762,58.2141,58.0445
0x24 57.2971,57.271,57.1881,57.0863,57.2588,57.2231,57.3897,57.1573,57.4404,57.4265,57.5414,57.3378,57.5088,57.4016,57.4099,57.4371
0x34 58.0223,57.8754,57.8457,57.9921,57.9738,57.9742,58.0948,58.0577,57.9808,58.0188,58.183,58.1155,58.1407,58.1224,58.3138,58.173
0x44 58.1848,58.1342,58.4077,58.338,58.2631,58.4756,58.3174,58.3032,57.991,58.1619,58.4505,58.2929,60.1381,58.1031,58.3356,58.3871
0x54 58.8654,58.7026,58.746,59.192,59.1423,58.983,58.7624,58.9231,58.8999,59.0221,58.8992,59.0338,58.8577,59.0872,59.1598,58.9974
0x64 57.9651,57.8575,57.9911,57.8418,58.0406,57.9572,58.0872,57.9656,57.8811,57.9724,58.0462,58.0031,58.0763,57.9632,57.9776,58.1275
0x74 57.8064,57.9297,58.0095,57.9766,57.9425,57.9345,57.8822,57.9784,57.8715,57.8721,58.0278,57.9609,57.9787,57.9885,57.982,58.0165
0x84 57.9427,57.8196,57.9511,57.91,58.1306,57.8338,58.0134,58.0308,57.7788,57.5745,58.0467,57.937,57.9917,58.0261,58.2039,57.9872
0x15 58.4011,58.0358,58.5274,58.1434,58.1334,58.1079,57.9478,58.3104,58.3039,58.1408,58.1425,58.0709,58.1217,58.0508,58.2601,58.2277
0x25 58.6442,58.6692,58.6335,58.7286,58.6499,58.8283,58.6802,58.7919,58.6768,58.7443,58.7312,58.7534,58.7433,58.7027,58.7931,58.8457
0x35 58.2408,58.366,58.0801,58.4045,58.0722,58.378,58.2963,58.1759,58.4321,58.2892,58.3633,58.2165,58.5879,58.3713,58.2502,58.2684
0x45 58.2897,58.0131,57.7955,58.0474,58.132,58.1645,57.9027,58.3048,57.8451,58.1387,57.9504,58.1759,58.0661,58.0444,58.0895,58.3136
0x55 57.8009,57.7563,57.8027,57.9377,57.837,57.8927,57.8779,57.9384,57.856,57.8913,57.8758,57.9422,58.0374,57.9723,57.9373,58.0442
0x65 58.1386,57.9376,58.2657,58.4066,58.0462,58.1931,58.2261,58.0213,58.1441,58.1573,58.1979,57.9986,57.9963,58.3264,58.3551,58.3527
0x75 58.021,57.6929,57.8881,57.8576,58.1931,58.1539,58.0999,58.2395,57.7132,58.2357,58.2723,58.1516,58.1912,58.2271,58.3502,58.2469
0x85 58.0178,57.7921,57.8949,58.0009,57.9011,58.0768,58.0248,58.1205,57.939,57.9229,58.0553,58.0123,58.1386,57.9313,58.2167,58.2726
0x16 57.9626,57.8195,58.0055,58.11,58.1219,58.1299,58.1069,58.1873,57.875,57.7918,58.1799,58.0192,58.2662,58.1041,58.1203,58.2034
0x26 57.9729,57.9273,57.9113,58.3612,58.4396,58.1504,58.1098,58.5443,58.4461,58.1067,57.9621,57.8855,57.8103,58.2675,58.6834,58.3421
0x36 57.8911,58.0051,58.2297,58.0747,57.9675,57.9853,58.1658,58.149,57.9699,57.7995,58.1616,58.016,58.2858,57.8891,58.2342,57.8615
0x46 57.425,57.6087,57.8019,57.7779,57.7428,57.7577,57.8071,57.7663,57.6268,57.4824,57.8329,57.6977,57.8618,57.824,57.9739,57.7384
0x56 57.9385,57.8257,57.9141,58.0753,58.1037,58.0603,58.0958,58.2991,57.8673,57.9092,58.0191,57.9153,58.0391,57.7801,58.0778,57.9398
0x66 59.0135,58.9593,58.9925,58.9948,58.9258,58.8454,59.1424,59.1179,59.0465,58.9289,59.0195,58.9809,59.1262,59.0894,59.0855,59.1615
0x76 58.2615,58.1708,58.4329,58.3554,57.8343,58.1354,58.3699,58.4652,58.0819,57.9085,58.4543,58.2536,58.302,57.9581,58.4275,58.3017
0x86 57.8561,57.6235,57.9799,57.9164,57.9073,57.7295,58.0728,57.7526,57.7293,57.6697,57.858,57.6829,57.8447,57.7695,58.0047,57.7858
0x17 58.721,58.6645,58.307,57.8762,58.353,58.3105,58.7226,58.6625,58.0981,58.5051,57.9948,58.3538,58.1619,58.3521,58.8821,58.2754
0x27 57.975,57.8996,57.9672,57.7586,57.5833,57.671,57.7049,57.6998,57.517,57.8746,57.9626,57.9075,57.8364,57.7684,58.1505,58.0543
0x37 57.7201,57.6291,57.8309,57.7425,57.8384,57.695,57.6634,57.9487,57.7971,57.614,57.866,57.8712,57.7703,57.7909,57.8468,58.1952
0x47 57.4561,57.5191,57.6555,57.3887,57.3301,57.6492,57.6771,57.5548,57.6679,57.614,57.7102,57.7312,57.7132,57.5425,57.7447,57.8572
0x57 58.3599,58.5584,58.4932,58.6666,58.4989,58.7389,58.6678,58.8308,58.4935,58.5799,58.6969,58.7119,58.6474,58.7619,58.8041,58.6428
0x67 57.713,57.7732,57.7873,57.8149,57.8424,57.8516,57.8778,57.8155,57.7611,57.7774,57.7584,57.9137,57.8065,57.8191,57.9022,58.0367
0x77 57.3935,57.5426,57.6249,57.6543,57.7241,57.3845,57.5738,57.768,57.5288,57.4906,57.5247,57.4938,57.5387,57.6292,57.8558,57.9021
0x87 57.6225,57.507,57.5018,57.4407,57.7205,57.5586,57.773,57.7451,57.5733,57.7556,57.5835,58.1238,57.6211,57.6695,57.8248,57.7987
0x18 58.0295,58.0771,58.025,58.1586,57.9206,57.9332,58.2478,57.9079,57.7959,57.7824,57.9969,57.9586,58.2625,58.255,58.0464,58.0887
0x28 57.5655,57.6368,57.9581,58.073,57.8964,58.0234,57.9065,57.9715,57.6836,57.6755,57.9175,58.0893,58.0449,58.0937,58.1283,58.2245
0x38 57.7065,57.4761,57.5664,57.6948,57.5951,57.941,57.8726,57.7132,57.6063,57.9441,57.7118,57.7206,57.8032,57.8283,58.201,57.9399
0x48 56.8055,56.69,56.7241,56.799,56.8515,56.843,56.846,57.0333,56.7334,56.9845,56.7074,56.8742,56.9758,56.9023,56.8685,56.9464
0x58 58.2471,58.2495,58.3184,58.2908,58.4593,58.4242,58.5565,58.7184,58.3951,58.221,58.5505,58.6141,58.3245,58.2599,58.3185,58.4418
0x68 57.6523,57.6594,57.6674,57.7003,57.6174,57.7709,57.736,57.7957,57.5747,57.5215,57.5765,57.6157,57.7655,57.7716,57.7829,57.8018
0x78 58.4553,58.2906,58.301,58.3698,58.3604,58.3907,58.6267,58.4254,58.3548,58.4944,58.5284,58.4977,58.5044,58.5407,58.644,58.7122
0x88 56.7516,56.5649,56.633,56.7209,56.7125,56.8259,56.7713,56.7924,56.8008,56.7119,56.864,56.6923,56.8313,56.8589,56.8929,57.0402
