0x11 58.8648,59.4276,58.7939,58.6515,59.3557,59.4147,58.727,58.7906,58.7728,58.7428,58.7232,58.6311,58.8978,58.8419,58.7964,58.7976
0x21 59.708,59.7726,59.849,59.8416,59.7226,59.7368,60.0091,59.8903,59.5778,59.643,59.9231,59.8516,59.9502,59.8422,59.9845,59.9868
0x31 58.9074,58.6344,58.764,58.7316,58.7864,58.8652,58.777,58.7645,58.8808,58.5471,58.6501,58.6394,58.8043,58.6808,58.7528,58.7489
0x41 58.8662,58.9815,58.8539,59.0283,58.6772,58.766,58.8501,58.7567,59.0035,58.5849,58.9815,58.6993,58.9338,58.6572,58.7293,58.7276
0x51 58.9256,58.8544,58.9139,58.8644,58.9633,59.117,59.0779,58.9887,58.7462,58.9162,58.8689,58.8856,59.0924,59.1874,59.1186,58.8222
0x61 58.0623,58.1837,58.7857,58.736,58.0575,58.0101,58.692,58.6593,58.6815,58.6699,58.6389,58.6826,58.7157,58.2022,58.5831,58.5216
0x71 58.3825,58.6183,58.4832,58.5818,58.683,58.5317,58.755,58.7184,58.5244,58.4171,58.8327,58.5902,58.8084,58.5413,58.6518,58.648
0x81 58.6298,58.2579,58.1665,57.9771,58.0386,58.2433,57.9404,58.076,58.1928,57.884,58.1813,58.2407,57.8018,58.178,58.214,58.3988
0x12 58.8442,59.0781,58.9887,59.0403,59.161,59.1261,58.6863,58.9608,58.958,59.1612,58.7914,59.1802,58.6469,59.2822,59.2585,59.1216
0x22 58.1006,58.08,57.5775,58.3338,58.1922,58.1578,58.0882,58.3827,58.1382,58.3284,58.2664,58.3159,58.2405,58.3075,58.3384,58.1546
0x32 58.7838,58.6019,58.5293,58.531,58.5874,58.5757,58.7646,58.696,58.4428,58.5792,58.5485,58.5732,58.684,58.6152,58.7015,58.8338
0x42 58.6851,58.8852,58.678,58.423,58.3444,58.5397,58.5683,58.8228,58.7238,58.8844,58.6227,58.8836,58.5641,58.5196,58.71,58.3181
0x52 59.1397,58.8547,59.1338,58.9625,59.2168,59.0535,59.1934,59.11,59.0959,59.1624,58.873,58.8412,59.103,59.0452,59.2522,59.2219
0x62 59.5145,59.0978,59.4096,59.2356,59.0845,59.3216,59.177,59.1665,58.9304,59.0546,58.9515,58.9139,59.2151,58.9272,59.0745,58.8536
0x72 59.0143,59.0192,59.0377,58.8154,58.7265,58.8629,59.0422,58.9742,58.9699,58.5468,58.9729,58.7021,58.6919,59.0376,59.0203,58.9526
0x82 59.2043,58.9613,59.3929,59.2418,59.0761,59.0318,59.2062,59.0702,58.9983,58.9002,59.6008,58.9218,59.184,58.8868,59.1576,59.1723
0x13 60.2655,60.0312,60.2385,59.9022,60.0686,60.1028,60.4702,60.1728,60.3308,60.4132,60.4857,59.4334,59.9106,60.3528,60.1998,60.1298
0x23 59.5514,59.1527,59.0799,59.2231,59.2126,59.0568,59.2982,59.2996,59.4245,59.068,59.1598,59.2318,59.1049,59.2691,59.2185,59.4987
0x33 59.2641,58.9822,59.2436,59.4074,59.1132,59.021,59.2611,59.1341,59.3848,58.8604,59.0688,59.2646,58.9475,58.9224,59.1262,59.1641
0x43 59.3639,59.0158,59.2636,58.8823,59.0872,59.2431,59.3855,59.8041,59.1873,59.0935,59.18,59.521,59.2248,59.196,59.482,59.4719
0x53 59.0451,58.8285,58.8621,59.0206,58.8964,58.7243,58.8451,58.9171,58.8475,58.8816,58.885,59.0123,58.9078,58.937,58.9428,59.0056
0x63 58.8343,58.939,58.7998,58.8528,58.8122,59.015,59.0186,58.9699,58.8786,58.7423,58.9297,58.7967,58.9392,58.9436,59.0895,59.0891
0x73 59.2476,59.1108,59.1841,59.1637,59.1583,59.2436,59.2362,59.0907,59.1157,59.2634,59.1095,59.3096,59.2724,59.3448,59.218,59.2681
0x83 59.5555,59.6867,59.5622,59.643,59.7011,59.6595,59.5881,59.6433,59.7661,59.6219,59.7091,59.8019,59.8264,59.7164,59.7317,59.8277
0x14 59.233,58.9652,59.1203,59.0356,59.0022,59.1294,58.988,59.0937,59.1273,59.0238,58.977,58.9884,59.0335,59.1149,59.1221,59.0835
0x24 58.9715,58.893,58.9622,58.7718,58.8341,58.9186,59.0561,58.8959,58.3226,58.3139,58.8965,59.1343,58.9713,58.9287,59.0645,59.0562
0x34 59.2525,59.1884,59.1197,59.2209,59.2308,59.3658,59.2586,59.311,59.1897,59.204,59.3313,59.4384,59.4398,59.2744,59.5648,59.3562
0x44 59.4615,59.705,59.5328,59.5853,59.5161,59.6492,59.7755,59.6129,59.5578,59.3497,59.5024,59.5764,59.5634,59.5642,59.6785,59.6435
0x54 59.1378,59.2466,59.1804,59.3199,59.0916,58.9583,59.143,59.247,59.2506,59.0864,59.2649,59.1691,59.1771,59.1487,59.3105,59.2717
0x64 59.3793,59.3566,59.5076,59.3778,59.3958,59.5257,59.4605,59.6858,59.4173,59.4198,59.4034,59.311,59.4571,59.4556,59.6004,59.5838
0x74 59.6546,59.7001,59.6305,59.6622,59.5879,59.4954,59.5932,59.5849,59.4951,59.434,59.5732,59.6468,59.4939,59.5276,59.5376,59.5747
0x84 59.1738,59.0243,59.2702,58.9454,58.9421,59.2445,59.0761,59.0805,59.0768,59.0846,59.1412,59.0079,59.0767,59.1138,59.1786,59.0563
0x15 58.934,58.8769,58.7987,58.9108,58.1585,58.7855,58.6875,58.6873,58.8217,58.0956,58.0903,58.6943,58.7174,58.734,58.1624,58.7522
0x25 58.5734,58.4278,58.3021,58.6363,58.4327,58.6739,58.7417,58.6536,57.9499,57.9803,58.3677,58.6671,58.6023,58.6324,58.8508,58.2875
0x35 58.8985,58.9099,58.9549,58.8807,58.8415,58.777,58.7977,58.949,58.8772,58.7591,58.7917,58.8849,58.9409,58.8957,59.0739,58.8825
0x45 58.9786,59.1002,59.0257,59.015,59.0721,59.0905,59.0453,59.11,59.0817,59.1452,59.0522,59.121,59.2029,59.0899,59.4167,59.033
0x55 58.8024,58.8779,58.1852,58.387,58.5268,58.9027,58.679,58.8786,58.707,58.7801,58.8491,58.8409,58.8641,58.7071,58.8592,59.091
0x65 58.8609,59.0265,59.0828,59.1213,58.9387,59.0314,59.1148,59.0102,59.0826,59.0538,59.1408,59.1177,59.0294,59.2293,59.1352,59.264
0x75 58.91,59.0803,59.0986,59.2281,58.9014,59.05,59.1743,59.1164,59.1291,59.3267,59.2928,59.2208,59.1788,59.2304,59.2998,59.2763
0x85 59.0932,59.0181,59.1194,58.9536,58.9353,59.0185,59.0066,59.306,59.1438,59.1304,59.1505,59.1584,59.0427,59.2772,59.2154,59.2788
0x16 58.7162,58.6399,58.5078,58.5026,58.6261,58.5387,58.7149,58.4151,58.8053,58.7017,58.8667,58.8272,58.7439,58.9427,58.9035,59.0275
0x26 59.3989,59.0789,59.1282,59.3207,59.0199,59.2384,58.5877,59.2806,59.3894,59.3159,58.5106,59.2367,58.6206,59.4606,59.3978,59.4458
0x36 59.3786,59.3548,59.251,59.3095,59.3707,59.2832,59.3456,59.4921,59.2645,59.1269,59.3129,59.204,59.4308,59.2906,59.4505,59.3
0x46 59.1417,59.2377,59.1446,59.2554,59.2204,59.3235,59.1895,59.2833,59.2157,59.1526,59.1777,58.6253,58.6508,58.6241,59.4503,59.299
0x56 58.6051,58.7639,59.2812,59.2083,59.2067,59.3017,59.2766,59.3343,59.1808,58.6003,59.1248,59.1811,59.2189,59.2678,58.8756,58.7355
0x66 59.7727,59.6142,59.4276,59.6611,59.3857,59.5645,59.454,59.5612,59.6208,59.4621,59.5282,59.9036,59.6612,59.7375,59.6775,59.703
0x76 59.2176,59.2672,59.2672,59.1713,59.2631,59.26,59.1735,59.2915,59.1654,59.1002,59.2568,59.2138,59.3874,59.2466,59.4561,59.3122
0x86 59.1676,59.5524,59.4761,60.0157,58.9452,59.1606,59.0826,59.2818,58.937,59.6008,59.669,59.8495,59.1649,59.7445,59.7406,59.3689
0x17 59.19,59.2703,59.212,59.3287,59.301,59.3796,59.1283,59.3077,59.2232,59.2113,59.1407,59.3362,59.1927,59.3366,59.3958,59.372
0x27 58.9706,59.1191,59.2227,59.0479,59.0156,58.9407,58.963,59.0954,59.0849,59.4919,58.9842,58.9389,59.0521,58.6675,58.6989,59.2873
0x37 59.1964,59.2979,59.5145,59.2556,59.0729,59.1851,59.2743,59.2177,59.68,59.4395,59.3753,59.3503,59.2312,59.3128,59.3642,59.6144
0x47 58.6181,59.4837,58.7887,58.9731,58.8991,58.9066,58.6369,58.9142,59.0353,59.4172,58.9762,59.4907,59.0412,59.2293,59.099,59.0285
0x57 59.5382,58.9109,59.0057,59.0676,58.838,59.025,58.9232,59.1913,59.1675,59.089,59.312,59.1635,59.1806,59.1615,59.2219,59.1745
0x67 58.9929,59.0528,59.0467,59.0263,59.0081,58.8709,58.8904,59.2654,59.1873,59.0028,59.0306,59.0953,59.0608,59.0484,59.0647,59.0282
0x77 59.0252,58.811,58.897,58.5317,58.2941,58.6169,58.4741,58.6441,58.8566,58.8283,58.3161,58.9489,59.0121,58.6818,58.458,58.5575
0x87 58.3897,58.7358,58.8259,58.7229,58.4683,58.5488,58.1809,57.9609,58.0396,59.0072,58.7139,58.2459,58.4081,58.881,58.8617,58.2106
0x18 58.4998,58.5479,58.5833,58.4816,58.6674,58.4818,58.5944,58.4815,58.471,58.6008,58.551,58.6111,58.26,58.3407,58.4701,58.7697
0x28 58.3994,57.9997,57.9206,58.5594,57.8096,58.533,57.9005,58.142,58.7258,58.6632,58.0182,58.1841,58.007,58.7008,58.0343,58.1667
0x38 58.5767,58.843,58.877,58.7133,58.5686,58.8452,58.5982,58.8392,59.1132,58.8807,58.9069,58.817,59.0101,58.9007,58.8839,58.8296
0x48 59.1158,59.051,58.9139,58.862,58.5978,58.6972,58.846,58.4331,58.6717,58.7526,58.4984,58.712,58.6729,58.7886,58.8194,59.1708
0x58 58.9787,59.1131,59.3812,59.1808,59.2142,59.2451,59.2337,59.1949,58.9543,59.311,59.0105,58.8571,59.0292,59.1471,59.1819,59.1136
0x68 59.0088,58.96,58.2815,57.9606,58.7727,58.717,58.9442,58.879,59.0039,58.7483,58.7999,58.7268,58.8831,58.7885,58.1913,59.2587
0x78 58.006,58.3247,58.4916,58.3064,58.4387,58.6394,58.4832,58.4762,58.502,58.4473,58.3161,58.5512,58.4821,58.4712,58.6012,58.5476
0x88 58.5805,58.0243,58.0065,57.936,57.732,58.1795,57.9881,57.6437,58.029,58.1793,58.0227,58.3481,58.085,57.8483,57.988,58.1147
