zeroZ 4400
30 -526.197 -198.428 4393.005
31 -526.167 -228.439 4393.062
47 -500.247 -183.388 4392.921
48 -500.277 -213.384 4392.925
49 -500.177 -243.381 4392.865
50 -500.247 -273.372 4392.803
67 -474.267 -172.448 4393.535
68 -474.307 -198.421 4393.112
69 -474.197 -228.389 4393.001
70 -474.247 -258.394 4393.251
71 -474.247 -288.355 4393.011
72 -474.257 -318.492 4393.086
91 -448.257 -183.428 4393.438
92 -448.257 -213.433 4392.895
93 -448.317 -243.384 4393.022
94 -448.287 -273.419 4393.044
95 -448.247 -303.393 4393.088
96 -448.287 -333.372 4392.433
115 -422.207 -173.368 4393.369
116 -422.247 -198.470 4393.161
117 -422.207 -228.390 4392.460
118 -422.257 -258.457 4392.502
119 -422.387 -288.432 4392.627
120 -422.317 -318.317 4392.498
121 -422.307 -348.372 4392.768
122 -422.307 -378.372 4392.262
142 -396.287 -164.363 4393.263
143 -396.387 -183.581 4393.056
144 -396.267 -213.420 4392.842
145 -396.337 -243.413 4392.439
146 -396.307 -273.379 4392.620
147 -396.327 -303.395 4392.422
148 -396.327 -333.372 4392.336
149 -396.267 -363.424 4392.760
150 -396.327 -393.372 4392.631
171 -370.187 -178.359 4393.454
172 -370.327 -198.367 4393.095
173 -370.307 -228.452 4393.337
174 -370.347 -258.354 4393.293
175 -370.337 -288.358 4392.312
176 -370.367 -318.378 4392.006
177 -370.367 -348.361 4392.298
178 -370.337 -378.372 4392.360
179 -370.337 -408.372 4392.112
180 -370.337 -438.372 4392.350
202 -344.697 -183.771 4393.160
203 -344.277 -213.398 4393.853
204 -344.307 -243.296 4393.957
205 -344.367 -273.321 4395.600
206 -344.317 -303.412 4392.757
207 -344.247 -333.297 4392.072
208 -344.357 -363.408 4392.111
209 -344.357 -393.420 4392.208
210 -344.267 -423.488 4392.148
211 -344.307 -453.465 4391.970
233 -321.257 -168.423 4394.007
234 -318.347 -198.467 4394.404
235 -318.377 -228.372 4395.335
236 -318.307 -258.274 4395.942
237 -318.297 -288.353 4395.902
238 -318.357 -318.434 4392.457
239 -318.397 -348.396 4392.068
240 -318.417 -378.376 4391.794
241 -318.327 -408.484 4392.324
242 -318.457 -438.434 4392.710
243 -318.377 -468.419 4393.554
263 -282.397 -96.372 4394.289
265 -287.357 -153.313 4393.546
266 -299.317 -191.300 4396.979
267 -292.397 -217.372 4397.993
268 -292.287 -243.256 4396.742
269 -292.347 -273.236 4395.532
270 -292.277 -303.372 4394.767
271 -292.317 -333.301 4392.515
272 -292.387 -363.407 4392.787
273 -292.367 -393.420 4392.831
274 -292.397 -423.386 4393.956
275 -292.397 -453.358 4395.293
276 -292.357 -483.323 4395.806
296 -256.437 -73.862 4394.387
297 -266.417 -114.372 4393.717
298 -266.347 -138.362 4394.057
299 -266.377 -168.328 4397.480
300 -266.437 -201.408 4403.383
301 -266.417 -228.372 4399.407
302 -266.417 -258.372 4396.878
303 -266.327 -288.333 4396.541
304 -266.327 -318.352 4396.019
305 -266.297 -348.351 4395.221
306 -266.437 -378.365 4394.416
307 -266.387 -408.403 4395.679
308 -266.387 -438.417 4395.679
309 -266.427 -468.417 4395.998
310 -266.417 -498.372 4395.635
331 -234.457 -101.301 4394.378
332 -240.407 -123.341 4393.959
333 -240.377 -153.330 4394.109
334 -240.467 -183.380 4399.163
335 -240.437 -213.372 4402.921
336 -240.437 -243.372 4400.828
337 -240.437 -277.372 4397.702
338 -240.417 -307.342 4397.535
339 -240.427 -333.298 4397.889
340 -240.357 -363.328 4397.136
341 -240.447 -393.404 4396.493
342 -240.327 -423.387 4396.637
343 -240.437 -453.372 4396.333
344 -240.437 -483.372 4395.807
345 -240.437 -513.372 4395.652
365 -214.457 -48.322 4394.561
366 -214.467 -78.400 4394.408
367 -214.427 -108.334 4394.267
368 -213.407 -142.365 4394.039
369 -214.447 -168.308 4394.824
370 -212.407 -200.335 4396.916
371 -214.537 -228.305 4398.165
372 -212.457 -258.355 4399.099
373 -214.527 -288.322 4400.420
374 -214.457 -318.372 4403.026
375 -214.457 -348.372 4400.046
376 -214.457 -378.372 4397.053
377 -214.457 -408.372 4397.053
378 -214.457 -438.372 4396.842
379 -214.457 -468.372 4396.063
380 -214.457 -498.372 4396.080
381 -214.457 -528.372 4395.937
399 -188.527 -33.266 4393.866
400 -188.497 -63.214 4394.024
401 -188.467 -93.331 4393.809
402 -188.437 -123.275 4394.473
403 -185.377 -150.310 4394.869
404 -188.467 -183.324 4395.018
405 -190.767 -212.979 4396.036
406 -188.327 -243.314 4396.635
407 -188.477 -273.372 4397.887
408 -188.577 -303.373 4399.761
409 -188.517 -333.356 4404.859
410 -188.477 -365.372 4400.831
411 -188.477 -393.372 4398.503
412 -188.477 -423.372 4397.232
413 -188.477 -453.372 4397.203
414 -188.477 -483.372 4397.211
415 -188.477 -513.372 4396.775
416 -188.477 -543.372 4396.562
434 -162.567 -78.325 4394.390
435 -162.467 -108.269 4394.264
436 -162.437 -138.376 4394.626
437 -162.457 -168.298 4394.789
438 -162.597 -198.373 4394.841
439 -162.497 -228.372 4395.472
440 -162.497 -258.372 4395.830
441 -162.437 -288.299 4397.705
442 -162.457 -318.321 4399.750
443 -162.407 -358.371 4401.402
444 -157.467 -381.360 4399.060
445 -162.457 -408.424 4398.577
446 -162.497 -438.372 4397.670
447 -162.497 -468.386 4397.291
448 -162.497 -498.372 4397.687
449 -162.497 -528.372 4398.190
465 -130.087 -99.997 4394.116
466 -141.957 -123.293 4395.011
467 -136.517 -153.295 4394.834
468 -136.457 -183.371 4395.039
469 -136.517 -213.372 4395.569
470 -136.517 -243.372 4395.794
471 -136.517 -273.372 4396.543
472 -136.517 -303.372 4397.665
473 -132.007 -333.384 4401.380
474 -135.517 -364.372 4400.427
475 -136.517 -393.372 4399.648
476 -134.517 -418.872 4400.308
477 -136.557 -453.386 4398.630
478 -136.517 -483.372 4398.405
496 -110.937 -136.119 4394.564
497 -97.457 -161.241 4394.435
498 -110.507 -200.302 4394.773
499 -110.497 -228.349 4395.727
500 -104.427 -258.364 4396.143
501 -110.457 -288.311 4396.952
502 -110.557 -315.403 4398.567
503 -110.507 -348.304 4401.067
504 -110.537 -378.372 4400.235
505 -110.537 -408.372 4401.363
506 -110.517 -438.375 4401.988
507 -113.477 -468.374 4399.782
526 -90.837 -183.743 4392.921
527 -84.437 -213.383 4394.904
528 -84.467 -243.327 4395.832
529 -84.467 -273.309 4396.578
530 -84.507 -303.407 4398.615
531 -83.447 -329.298 4400.881
532 -89.557 -363.372 4401.844
533 -87.557 -390.372 4402.330
534 -84.577 -423.404 4403.642
535 -84.557 -449.369 4404.327
553 -61.567 -228.318 4395.960
554 -58.487 -258.249 4397.432
555 -58.497 -288.340 4398.371
556 -58.507 -318.417 4400.537
557 -58.677 -348.373 4403.900
558 -54.577 -376.372 4404.376
560 -62.997 -436.308 4404.705
579 -29.527 -213.339 4396.504
581 -40.577 -273.360 4398.680
582 -32.647 -303.318 4401.410
583 -32.587 -333.372 4404.266
584 -35.587 -363.372 4404.890
586 -32.537 -423.424 4405.897
605 -6.507 -198.331 4396.339
607 -7.567 -259.325 4399.085
608 -9.527 -285.314 4401.743
609 -9.607 -321.372 4405.123
610 -9.607 -348.372 4405.758
612 -12.527 -408.293 4406.179
614 -9.647 -466.375 4409.484
631 19.433 -183.330 4397.510
633 19.443 -243.339 4399.869
634 19.403 -273.307 4402.124
635 19.373 -303.372 4406.027
636 19.373 -333.372 4406.571
637 19.383 -363.424 4408.263
638 19.343 -393.313 4409.107
639 19.423 -423.319 4409.421
640 12.403 -453.326 4410.090
657 45.353 -168.372 4397.470
659 45.393 -228.341 4400.898
660 45.333 -258.314 4403.144
661 45.313 -288.362 4407.262
662 45.353 -318.406 4408.246
663 45.373 -348.372 4409.902
664 45.323 -378.228 4410.563
665 45.383 -408.408 4410.816
666 48.403 -438.374 4410.508
684 71.333 -153.372 4397.409
688 71.403 -273.248 4407.621
690 71.343 -337.326 4410.957
691 71.323 -361.345 4411.894
717 97.313 -258.342 4407.950
718 92.383 -288.391 4410.120
719 95.273 -320.398 4412.232
720 101.803 -346.309 4412.905
723 97.323 -438.398 4411.357
1237 -143.797 -75.306 4393.947
1222 -58.557 -198.358 4395.360
1223 -32.517 -183.332 4395.382
1224 -6.537 -168.301 4395.834
1225 19.383 -153.359 4395.869
1226 45.353 -138.347 4395.967
1227 71.423 -123.321 4396.267
1228 94.713 -109.872 4396.272
744 119.383 -153.346 4399.441
776 149.403 -134.231 4399.937
810 175.333 -123.192 4400.324
809 175.403 -93.313 4398.799
845 201.233 -108.173 4399.574
844 201.373 -78.261 4398.576
879 227.333 -63.219 4399.430
914 253.373 -78.337 4399.687
913 253.413 -48.280 4399.247
947 279.283 -63.259 4400.023
946 276.343 -33.255 4399.277
979 305.343 -48.336 4400.509
978 305.383 -18.320 4399.355
1010 331.323 -25.323 4399.850
1009 331.273 -3.243 4399.920
1040 357.213 -18.137 4400.373
1039 357.133 11.677 4399.673
1069 383.833 -3.715 4400.410
1068 383.193 26.764 4400.469
1097 409.333 11.944 4400.586
1096 409.153 41.939 4400.588
1123 435.253 26.832 4400.674
1122 447.223 59.748 4400.820
1147 461.243 41.673 4401.012
1146 461.623 71.729 4401.225
1169 485.203 54.806 4401.840
727 97.313 -558.372 4415.791
726 97.313 -528.372 4414.340
697 67.333 -543.372 4416.464
670 49.853 -560.372 4416.655
591 -32.587 -573.372 4412.092
617 97.313 -228.372 4412.467
643 19.373 -543.372 4416.219
669 49.353 -532.372 4416.154
696 71.333 -515.372 4414.567
725 101.813 -496.372 4412.198
724 95.313 -468.372 4411.651
695 71.333 -483.372 4411.503
668 45.353 -493.872 4412.411
642 19.373 -513.372 4416.354
616 -6.607 -528.372 4415.942
590 -32.587 -543.372 4410.475
564 -58.577 -558.372 4409.173
510 -105.537 -558.372 4403.769
538 -84.557 -543.372 4404.974
563 -58.677 -528.373 4408.407
589 -38.587 -521.372 4409.849
615 -6.607 -498.372 4413.855
641 19.373 -483.372 4411.779
667 40.853 -465.372 4410.620
694 62.333 -453.372 4411.066
722 97.313 -408.372 4411.669
693 71.333 -423.372 4411.119
588 -32.587 -483.372 4411.671
562 -51.577 -498.372 4409.663
537 -84.557 -508.372 4405.859
509 -110.537 -528.372 4398.623
480 -136.517 -553.372 4399.968
1236 -162.497 -558.372 4398.669
479 -130.517 -507.372 4399.895
508 -110.537 -498.372 4401.068
536 -79.557 -485.372 4405.838
561 -50.577 -461.372 4407.385
613 -7.607 -433.872 4409.500
692 71.333 -393.372 4411.007
721 97.213 -378.373 4411.958
611 -6.607 -378.372 4406.513
585 -32.587 -393.372 4405.192
559 -58.577 -408.372 4404.414
587 -28.587 -453.372 4408.547
580 -26.587 -238.372 4397.526
606 -6.607 -228.372 4397.710
632 19.373 -213.372 4398.443
658 45.353 -198.372 4398.903
685 71.333 -183.372 4398.343
686 71.333 -213.372 4401.885
687 71.333 -237.372 4403.906
689 71.333 -303.372 4409.280
713 97.313 -138.372 4397.929
714 97.313 -168.372 4399.416
715 97.313 -198.372 4402.244
716 97.313 -228.372 4404.736
710 97.283 221.676 4398.045
711 97.593 191.468 4397.943
712 108.993 167.189 4397.409
738 123.073 236.863 4399.590
739 123.283 206.705 4399.088
740 123.553 176.595 4398.958
741 123.363 146.803 4396.635
743 123.293 -127.372 4398.690
744 119.383 -153.346 4399.566
745 119.293 -183.372 4401.978
746 119.293 -217.372 4405.053
747 123.293 -243.372 4407.484
748 123.293 -273.372 4410.650
768 149.393 251.747 4399.579
769 149.343 221.706 4399.224
770 149.383 191.616 4399.078
771 149.143 161.727 4398.672
772 149.473 131.491 4397.948
773 149.323 101.581 4397.821
775 151.273 -108.372 4398.635
776 149.403 -134.231 4400.062
777 149.273 -172.372 4402.512
778 149.273 -198.372 4404.347
779 153.773 -230.372 4407.780
780 149.273 -258.372 4409.782
800 175.163 266.627 4400.124
801 175.233 236.340 4399.358
802 175.213 206.497 4398.740
803 175.223 175.980 4398.930
804 175.273 146.397 4398.884
805 175.093 116.758 4398.513
806 175.533 86.396 4397.698
807 175.513 56.725 4397.381
808 181.583 29.865 4396.987
809 175.403 -93.313 4398.924
810 175.333 -123.192 4400.449
811 175.253 -153.372 4402.116
812 175.253 -183.372 4404.134
813 175.253 -213.372 4406.891
814 179.253 -239.372 4408.847
828 201.803 431.363 4400.304
829 201.773 401.446 4401.088
830 200.683 370.542 4399.544
831 201.173 340.256 4399.485
832 201.433 311.724 4399.347
833 201.313 281.571 4399.531
834 201.263 251.678 4399.602
835 201.193 221.735 4399.032
836 201.243 191.639 4398.860
837 196.283 161.645 4398.476
838 209.313 131.635 4400.388
839 209.943 101.343 4398.822
840 201.493 71.311 4398.782
841 201.303 41.476 4398.770
842 201.343 11.423 4397.588
843 201.333 -9.361 4397.479
844 201.373 -78.261 4398.701
845 201.233 -108.173 4399.699
846 201.233 -138.372 4401.385
847 201.233 -168.372 4403.041
848 201.233 -191.372 4405.534
849 201.233 -224.372 4408.276
862 229.733 448.327 4402.531
863 227.683 416.481 4401.645
864 227.333 374.640 4400.005
865 227.063 356.586 4399.803
866 227.353 326.590 4400.041
867 227.043 296.518 4399.585
868 227.593 266.362 4399.651
869 227.643 236.467 4399.443
870 227.663 206.423 4399.399
871 231.503 179.259 4399.507
872 227.313 146.621 4398.474
873 231.183 123.618 4398.457
874 227.493 86.426 4398.271
875 227.463 56.403 4398.834
876 227.503 26.335 4398.814
877 219.113 -3.139 4398.565
878 227.213 -33.372 4398.093
879 227.333 -63.219 4399.555
880 227.213 -93.372 4399.828
881 224.213 -126.372 4401.060
882 224.213 -149.372 4402.588
883 227.213 -183.372 4404.738
884 227.213 -213.372 4407.289
896 253.473 461.440 4402.696
897 253.533 431.491 4401.836
898 253.563 401.485 4401.618
899 253.333 371.656 4401.108
900 253.293 345.739 4400.685
901 253.383 311.724 4400.449
902 253.303 281.763 4399.639
903 253.203 251.274 4399.341
904 253.553 221.531 4399.615
905 253.593 191.326 4399.535
906 253.743 161.366 4398.876
907 253.193 131.628 4398.868
907 253.433 131.409 4398.729
908 254.193 101.628 4398.754
908 254.523 101.440 4398.669
909 253.193 71.628 4398.711
909 253.363 71.187 4398.703
910 253.543 41.372 4399.161
911 253.193 20.628 4399.084
911 253.563 20.364 4399.050
912 253.193 -18.372 4398.802
913 253.413 -48.280 4399.372
914 253.373 -78.337 4399.812
915 253.193 -112.872 4400.347
916 253.193 -138.372 4402.352
917 253.193 -168.372 4404.520
918 257.693 -196.372 4406.848
929 279.173 476.616 4402.600
930 285.383 446.739 4402.250
931 279.043 416.742 4401.761
932 279.213 386.711 4401.807
933 281.043 355.407 4401.675
934 279.173 326.628 4402.184
935 279.283 296.683 4401.439
936 282.163 266.700 4400.238
937 286.313 226.705 4400.389
938 279.643 206.301 4399.767
939 279.433 174.377 4398.945
940 279.563 146.512 4398.886
941 279.173 116.628 4398.921
941 279.133 116.576 4398.848
942 279.173 86.628 4398.899
942 279.273 86.733 4398.783
943 279.413 56.237 4399.084
944 279.173 22.628 4399.200
944 279.273 22.445 4399.158
945 279.173 -3.372 4398.836
946 276.343 -33.255 4399.402
947 279.283 -63.259 4400.148
948 284.173 -93.372 4399.987
949 279.173 -123.372 4401.732
950 279.173 -153.372 4403.686
951 279.173 -183.372 4406.084
962 305.303 461.569 4402.644
963 308.073 435.683 4401.960
964 305.103 401.678 4402.023
965 305.093 371.658 4401.793
966 305.303 341.704 4401.911
967 305.373 311.775 4401.939
968 305.223 281.860 4401.581
969 305.123 251.695 4401.287
970 305.463 222.176 4399.979
971 305.283 181.208 4399.321
972 305.743 157.317 4399.060
973 305.453 131.433 4399.054
974 305.153 101.628 4399.888
974 305.523 101.579 4399.780
975 305.153 71.628 4399.619
975 305.323 71.366 4399.512
976 305.153 41.628 4399.540
977 305.153 11.628 4399.268
978 305.383 -18.320 4399.480
979 305.343 -48.336 4400.634
980 305.153 -78.372 4400.397
981 296.153 -108.372 4400.926
982 305.153 -142.872 4404.303
983 305.153 -168.372 4405.871
994 331.093 446.763 4401.530
995 328.003 422.681 4402.152
997 335.283 356.582 4402.052
998 331.253 326.634 4401.908
999 331.153 296.733 4401.807
1000 331.183 256.673 4401.638
1001 335.143 236.628 4400.985
1002 322.333 206.414 4399.706
1005 331.143 116.628 4399.574
1006 331.143 86.628 4399.448
1007 331.143 56.628 4399.435
1008 331.143 26.628 4399.626
1009 331.273 -3.243 4400.045
1010 331.323 -25.323 4399.975
1011 331.143 -60.372 4400.177
1012 331.143 -90.372 4401.036
1013 331.143 -123.372 4403.494
1014 333.143 -155.372 4405.426
1025 357.233 431.593 4402.390
1026 363.263 401.548 4402.040
1027 362.223 371.739 4401.926
1028 357.163 341.780 4401.670
1029 357.183 311.654 4401.822
1032 352.123 224.628 4400.537
1035 357.123 131.628 4399.884
1036 357.123 101.628 4400.389
1037 357.123 71.628 4399.833
1038 357.123 41.628 4400.612
1039 357.133 11.677 4399.798
1040 357.213 -18.137 4400.498
1041 352.123 -51.372 4400.217
1042 360.123 -83.372 4401.615
1043 357.123 -108.372 4403.725
1044 361.623 -134.372 4405.120
1055 383.323 416.714 4402.367
1056 382.993 388.916 4402.016
1057 383.313 356.610 4402.054
1058 383.183 326.712 4402.003
1059 383.323 296.726 4402.045
1060 383.103 266.628 4401.302
1061 383.103 236.628 4401.304
1064 383.103 146.628 4401.433
1065 383.103 116.628 4401.540
1066 383.103 86.628 4401.101
1067 383.103 56.628 4400.697
1068 383.193 26.764 4400.594
1069 383.833 -3.715 4400.535
1070 383.103 -33.372 4400.431
1071 382.103 -62.372 4401.188
1072 385.103 -91.372 4403.467
1073 383.103 -120.372 4404.250
1084 409.073 401.756 4402.351
1085 409.093 371.800 4402.044
1088 409.083 281.628 4401.325
1089 409.083 251.628 4402.972
1090 409.353 216.557 4401.291
1091 414.253 189.642 4401.333
1094 407.083 99.628 4403.158
1095 409.083 71.628 4401.889
1096 409.083 41.628 4400.662
1096 409.153 41.939 4400.713
1097 409.333 11.944 4400.711
1099 409.083 -51.372 4401.250
1100 409.083 -75.372 4401.829
1101 417.083 -108.372 4403.545
1112 435.063 356.628 4402.784
1113 435.063 326.628 4401.706
1114 435.063 296.628 4401.644
1115 435.063 266.628 4402.048
1116 431.063 243.628 4401.569
1117 435.063 206.628 4400.882
1118 435.063 176.628 4402.279
1119 435.063 146.628 4401.751
1120 439.063 116.628 4402.367
1121 442.063 83.628 4401.123
1122 447.223 59.748 4400.945
1123 435.253 26.832 4400.799
1124 435.063 -0.372 4400.920
1125 434.963 -33.373 4401.248
1126 439.061 -63.372 4401.738
1127 435.063 -93.372 4402.432
1137 461.043 341.628 4402.523
1138 461.043 311.628 4401.856
1139 461.043 281.628 4401.693
1140 461.043 260.628 4401.489
1141 461.133 221.842 4401.833
1142 461.043 191.628 4401.996
1143 461.043 161.628 4401.982
1144 468.043 134.628 4402.123
1145 461.043 97.128 4402.383
1146 461.623 71.729 4401.350
1147 461.243 41.673 4401.137
1148 461.043 11.628 4401.059
1149 461.043 -18.372 4401.332
1150 461.043 -48.372 4402.052
1151 458.043 -74.372 4402.264
1161 487.023 296.628 4402.350
1162 487.023 266.628 4401.953
1163 487.233 236.642 4401.837
1164 482.093 204.933 4401.769
1165 490.253 180.921 4401.805
1166 484.023 142.628 4402.315
1167 487.023 119.628 4402.362
1168 484.023 86.628 4401.306
1169 485.203 54.806 4401.965
1170 487.023 31.128 4401.503
1171 481.023 0.628 4401.384
1172 489.023 -32.372 4401.742
1173 486.023 -62.372 4402.198
1182 513.003 251.628 4401.752
1183 513.003 221.628 4401.908
1184 513.163 191.659 4402.074
1185 513.003 161.628 4402.287
1186 513.003 131.628 4402.635
1187 515.003 101.628 4402.590
1200 538.983 206.628 4402.554
1201 538.983 176.628 4402.530
1203 546.983 116.628 4402.714
1204 532.983 86.628 4402.570
1214 564.963 101.628 4402.207
1215 564.963 71.628 4402.762
1216 574.963 46.128 4402.843
1231 175.253 -63.372 4397.548
1229 123.293 -93.372 4398.123
1230 149.273 -78.372 4397.444
